3714,53
3714,52
3714,51
3714,50
3714,49
3714,48
3714,47
3714,46
3714,45
3714,44
3714,43
3714,42
3714,41
3714,40
3714,39
3714,38
3714,37
3714,36
3714,35
3679,1
3679,0
3678,3
3678,1
3660,3
3660,1
3658,3
3658,1
3657,3
3657,1
3656,6
3656,5
3656,4
3656,3
3656,2
3656,1
3656,0
3655,3
3655,1
3654,3
3654,2
3654,1
3653,3
3653,1
3652,3
3652,1
3651,3
3651,2
3651,1
3650,3
3649,3
3649,2
3649,1
3648,3
3648,1
3647,3
3647,2
3647,1
3645,3
3645,1
3641,3
3641,1
3640,3
3640,1
3639,3
3639,1
20,3
20,2
20,1
19,3
19,2
19,1
18,1
14,282
18,3
14,281
14,258
14,1
13,10
13,9
12,3
14,3
13,1
12,2
13,20
12,1
13,3
11,24
11,22
11,19
11,9
11,3
11,2
11,1
9,7
9,6
9,5
9,4
9,3
9,2
9,1
8,18
8,17
8,16
8,15
8,14
8,13
8,12
8,10
8,9
8,8
8,7
8,6
8,5
8,4
8,3
8,2
8,1
2,2
2,3
2,1
0,656
0,493
0,337
0,318
0,278
0,243
0,0
3714,34
3714,33
3714,32
3714,31
3714,30
3714,29
3714,28
3714,27
3714,26
3714,25
3714,24
3714,23
3714,22
3714,21
3714,20
3714,19
3714,18
3714,17
3714,16
3714,15
3714,14
3714,13
3714,12
3714,11
3714,10
3714,9
3714,8
3714,7
3714,6
3714,5
3714,4
3714,3
3714,2
3714,0
0,593
0,273
0,270
0,445
